26 593 681 217 491 760 384 756 545 872 302 617 584 952 624 582 512 210 307 553 735 222 670 903 364 276 267 186 237 360 738 825 797 159 340 393 433 889 202 860 
26 593 681 217 491 760 384 756 545 872 302 617 584 952 624 582 512 210 307 553 735 222 670 903 364 276 267 186 237 360 738 825 797 159 340 393 433 889 202 860 
26 593 681 217 491 760 384 756 545 872 302 617 584 952 624 582 512 210 307 553 735 222 670 903 364 276 267 186 237 360 738 825 797 159 340 393 433 889 202 860 
26 593 681 217 491 760 384 756 545 872 302 617 584 952 624 582 512 210 307 553 735 222 670 903 364 276 267 186 237 360 738 825 797 159 340 393 433 889 202 860 
26 593 681 217 491 760 384 756 545 872 302 617 584 952 624 582 512 210 307 553 735 222 670 903 364 276 267 186 237 360 738 825 797 159 340 393 433 889 202 860 
26 593 681 217 491 760 384 756 545 872 302 617 584 952 624 582 512 210 307 553 735 222 670 903 364 276 267 186 237 360 738 825 797 159 340 393 433 889 202 860 
26 593 681 217 491 760 384 756 545 872 302 617 584 952 624 582 512 210 307 553 735 222 670 903 364 276 267 186 237 360 738 825 797 159 340 393 433 889 202 860 
26 593 681 217 491 760 384 756 545 872 302 617 584 952 624 582 512 210 307 553 735 222 670 903 364 276 267 186 237 360 738 825 797 159 340 393 433 889 202 860 
26 593 681 217 491 760 384 756 545 872 302 617 584 952 624 582 512 210 307 553 735 222 670 903 364 276 267 186 237 360 738 825 797 159 340 393 433 889 202 860 
26 593 681 217 491 760 384 756 545 302 872 617 584 952 624 582 512 210 307 553 735 222 670 903 364 276 267 186 237 360 738 825 797 159 340 393 433 889 202 860 
26 593 681 217 491 760 384 756 545 302 617 872 584 952 624 582 512 210 307 553 735 222 670 903 364 276 267 186 237 360 738 825 797 159 340 393 433 889 202 860 
26 593 681 217 491 760 384 756 545 302 617 584 872 952 624 582 512 210 307 553 735 222 670 903 364 276 267 186 237 360 738 825 797 159 340 393 433 889 202 860 
26 593 681 217 491 760 384 756 545 302 617 584 624 952 872 582 512 210 307 553 735 222 670 903 364 276 267 186 237 360 738 825 797 159 340 393 433 889 202 860 
26 593 681 217 491 760 384 756 545 302 617 584 624 582 872 952 512 210 307 553 735 222 670 903 364 276 267 186 237 360 738 825 797 159 340 393 433 889 202 860 
26 593 681 217 491 760 384 756 545 302 617 584 624 582 512 952 872 210 307 553 735 222 670 903 364 276 267 186 237 360 738 825 797 159 340 393 433 889 202 860 
26 593 681 217 491 760 384 756 545 302 617 584 624 582 512 210 872 952 307 553 735 222 670 903 364 276 267 186 237 360 738 825 797 159 340 393 433 889 202 860 
26 593 681 217 491 760 384 756 545 302 617 584 624 582 512 210 307 952 872 553 735 222 670 903 364 276 267 186 237 360 738 825 797 159 340 393 433 889 202 860 
26 593 681 217 491 760 384 756 545 302 617 584 624 582 512 210 307 553 872 952 735 222 670 903 364 276 267 186 237 360 738 825 797 159 340 393 433 889 202 860 
26 593 681 217 491 760 384 756 545 302 617 584 624 582 512 210 307 553 735 952 872 222 670 903 364 276 267 186 237 360 738 825 797 159 340 393 433 889 202 860 
26 593 681 217 491 760 384 756 545 302 617 584 624 582 512 210 307 553 735 222 872 952 670 903 364 276 267 186 237 360 738 825 797 159 340 393 433 889 202 860 
26 593 681 217 491 760 384 756 545 302 617 584 624 582 512 210 307 553 735 222 670 952 872 903 364 276 267 186 237 360 738 825 797 159 340 393 433 889 202 860 
26 593 681 217 491 760 384 756 545 302 617 584 624 582 512 210 307 553 735 222 670 364 872 903 952 276 267 186 237 360 738 825 797 159 340 393 433 889 202 860 
26 593 681 217 491 760 384 756 545 302 617 584 624 582 512 210 307 553 735 222 670 364 276 903 952 872 267 186 237 360 738 825 797 159 340 393 433 889 202 860 
26 593 681 217 491 760 384 756 545 302 617 584 624 582 512 210 307 553 735 222 670 364 276 267 952 872 903 186 237 360 738 825 797 159 340 393 433 889 202 860 
26 593 681 217 491 760 384 756 545 302 617 584 624 582 512 210 307 553 735 222 670 364 276 267 186 872 903 952 237 360 738 825 797 159 340 393 433 889 202 860 
26 593 681 217 491 760 384 756 545 302 617 584 624 582 512 210 307 553 735 222 670 364 276 267 186 237 903 952 872 360 738 825 797 159 340 393 433 889 202 860 
26 593 681 217 491 760 384 756 545 302 617 584 624 582 512 210 307 553 735 222 670 364 276 267 186 237 360 952 872 903 738 825 797 159 340 393 433 889 202 860 
26 593 681 217 491 760 384 756 545 302 617 584 624 582 512 210 307 553 735 222 670 364 276 267 186 237 360 738 872 903 952 825 797 159 340 393 433 889 202 860 
26 593 681 217 491 760 384 756 545 302 617 584 624 582 512 210 307 553 735 222 670 364 276 267 186 237 360 738 825 903 952 872 797 159 340 393 433 889 202 860 
26 593 681 217 491 760 384 756 545 302 617 584 624 582 512 210 307 553 735 222 670 364 276 267 186 237 360 738 825 797 952 872 903 159 340 393 433 889 202 860 
26 593 681 217 491 760 384 756 545 302 617 584 624 582 512 210 307 553 735 222 670 364 276 267 186 237 360 738 825 797 159 872 903 952 340 393 433 889 202 860 
26 593 681 217 491 760 384 756 545 302 617 584 624 582 512 210 307 553 735 222 670 364 276 267 186 237 360 738 825 797 159 340 903 952 872 393 433 889 202 860 
26 593 681 217 491 760 384 756 545 302 617 584 624 582 512 210 307 553 735 222 670 364 276 267 186 237 360 738 825 797 159 340 393 952 872 903 433 889 202 860 
26 593 681 217 491 760 384 756 545 302 617 584 624 582 512 210 307 553 735 222 670 364 276 267 186 237 360 738 825 797 159 340 393 433 872 903 952 889 202 860 
26 593 681 217 491 760 384 756 545 302 617 584 624 582 512 210 307 553 735 222 670 364 276 267 186 237 360 738 825 797 159 340 393 433 202 903 952 889 872 860 
26 593 681 217 491 760 384 756 545 302 617 584 624 582 512 210 307 553 735 222 670 364 276 267 186 237 360 738 825 797 159 340 393 433 202 860 952 889 872 903 
26 186 681 217 491 760 384 756 545 302 617 584 624 582 512 210 307 553 735 222 670 364 276 267 593 237 360 738 825 797 159 340 393 433 202 860 952 889 872 903 
26 186 159 217 491 760 384 756 545 302 617 584 624 582 512 210 307 553 735 222 670 364 276 267 593 237 360 738 825 797 681 340 393 433 202 860 952 889 872 903 
26 186 159 202 491 760 384 756 545 302 617 584 624 582 512 210 307 553 735 222 670 364 276 267 593 237 360 738 825 797 681 340 393 433 217 860 952 889 872 903 
26 159 186 202 491 760 384 756 545 302 617 584 624 582 512 210 307 553 735 222 670 364 276 267 593 237 360 738 825 797 681 340 393 433 217 860 952 889 872 903 
26 159 186 202 210 760 384 756 545 302 617 584 624 582 512 491 307 553 735 222 670 364 276 267 593 237 360 738 825 797 681 340 393 433 217 860 952 889 872 903 
26 159 186 202 210 217 384 756 545 302 617 584 624 582 512 491 307 553 735 222 670 364 276 267 593 237 360 738 825 797 681 340 393 433 760 860 952 889 872 903 
26 159 186 202 210 217 384 756 545 302 617 584 624 582 512 491 307 553 735 222 670 364 276 267 593 237 360 738 825 797 681 340 393 433 760 860 952 889 872 903 
26 159 186 202 210 217 384 756 545 302 617 584 624 582 512 491 307 553 735 222 670 364 276 267 593 237 360 738 825 797 681 340 393 433 760 860 952 889 872 903 
26 159 186 202 210 217 384 756 545 302 617 584 624 582 512 491 307 553 735 222 670 364 276 267 593 237 360 738 825 797 681 340 393 433 760 860 952 889 872 903 
26 159 186 202 210 217 384 756 545 302 617 584 624 582 512 491 307 553 735 222 670 364 276 267 593 237 360 738 825 797 681 340 393 433 760 860 952 889 872 903 
26 159 186 202 210 217 384 756 545 302 617 584 624 582 512 491 307 553 735 222 670 364 276 267 593 237 360 738 825 797 681 340 393 433 760 860 952 889 872 903 
26 159 186 202 210 217 384 756 545 302 617 584 624 582 512 491 307 553 735 222 670 364 276 267 593 237 360 738 825 797 681 340 393 433 760 860 952 889 872 903 
26 159 186 202 210 217 384 756 545 302 617 584 624 582 512 491 307 553 735 222 670 364 276 267 593 237 360 738 825 797 681 340 393 433 760 860 952 889 872 903 
26 159 186 202 210 217 384 756 545 302 617 584 624 582 512 491 307 553 735 222 670 364 276 267 593 237 360 738 825 797 681 340 393 433 760 860 952 889 872 903 
26 159 186 202 210 217 384 756 545 302 617 584 624 582 512 491 307 553 735 222 670 364 276 267 593 237 360 738 825 797 681 340 393 433 760 860 952 889 872 903 
26 159 186 202 210 217 384 756 545 302 617 584 624 582 512 491 307 553 735 222 670 364 276 267 593 237 360 738 825 797 681 340 393 433 760 860 952 889 872 903 
26 159 186 202 210 217 384 756 545 302 617 584 624 582 512 491 307 553 735 222 670 364 276 267 593 237 360 738 825 797 681 340 393 433 760 860 952 889 872 903 
26 159 186 202 210 217 384 756 545 302 617 584 624 582 512 491 307 553 735 222 670 364 276 267 593 237 360 738 825 797 681 340 393 433 760 860 952 889 872 903 
26 159 186 202 210 217 384 756 545 302 617 584 624 582 512 491 307 553 735 222 670 364 276 267 593 237 360 738 825 797 681 340 393 433 760 860 952 889 872 903 
26 159 186 202 210 217 384 756 545 302 617 584 624 582 512 491 307 553 735 222 670 364 276 267 593 237 360 738 825 797 681 340 393 433 760 860 952 889 872 903 
26 159 186 202 210 217 384 756 545 302 617 584 624 582 512 491 307 553 735 222 670 364 276 267 593 237 360 738 825 797 681 340 393 433 760 860 952 889 872 903 
26 159 186 202 210 217 384 756 545 302 617 584 624 582 512 491 307 553 735 222 670 364 276 267 593 237 360 738 825 797 681 340 393 433 760 860 952 889 872 903 
26 159 186 202 210 217 384 756 545 302 617 584 624 582 512 491 307 553 735 222 670 364 276 267 593 237 360 738 825 797 681 340 393 433 760 860 952 889 872 903 
26 159 186 202 210 217 384 756 545 302 617 584 624 582 512 491 307 553 735 222 670 364 276 267 593 237 360 738 825 797 681 340 393 433 760 860 952 889 872 903 
26 159 186 202 210 217 384 756 545 302 617 584 624 582 512 491 307 553 735 222 670 364 276 267 593 237 360 738 825 797 681 340 393 433 760 860 952 889 872 903 
26 159 186 202 210 217 384 756 545 302 617 584 624 582 512 491 307 553 735 222 670 364 276 267 593 237 360 738 825 797 681 340 393 433 760 860 952 889 872 903 
26 159 186 202 210 217 384 756 545 302 617 584 624 582 512 491 307 553 735 222 670 364 276 267 593 237 360 738 825 797 681 340 393 433 760 860 952 889 872 903 
26 159 186 202 210 217 384 756 545 302 617 584 624 582 512 491 307 553 735 222 670 364 276 267 593 237 360 738 825 797 681 340 393 433 760 860 952 889 872 903 
26 159 186 202 210 217 384 756 545 302 617 584 624 582 512 491 307 553 735 222 670 364 276 267 593 237 360 738 681 797 825 340 393 433 760 860 952 889 872 903 
26 159 186 202 210 217 384 756 545 302 617 584 624 582 512 491 307 553 735 222 670 364 276 267 593 237 360 738 681 340 825 797 393 433 760 860 952 889 872 903 
26 159 186 202 210 217 384 756 545 302 617 584 624 582 512 491 307 553 735 222 670 364 276 267 593 237 360 738 681 340 393 797 825 433 760 860 952 889 872 903 
26 159 186 202 210 217 384 756 545 302 617 584 624 582 512 491 307 553 735 222 670 364 276 267 593 237 360 738 681 340 393 433 825 797 760 860 952 889 872 903 
26 159 186 202 210 217 384 756 545 302 617 584 624 582 512 491 307 553 735 222 670 364 276 267 593 237 360 738 681 340 393 433 760 797 825 860 952 889 872 903 
26 159 186 202 210 217 384 756 545 302 617 584 624 582 512 491 307 553 735 222 670 364 276 267 593 237 360 738 681 340 393 433 760 797 825 860 952 889 872 903 
26 159 186 202 210 217 384 302 545 756 617 584 624 582 512 491 307 553 735 222 670 364 276 267 593 237 360 738 681 340 393 433 760 797 825 860 952 889 872 903 
26 159 186 202 210 217 384 302 307 756 617 584 624 582 512 491 545 553 735 222 670 364 276 267 593 237 360 738 681 340 393 433 760 797 825 860 952 889 872 903 
26 159 186 202 210 217 384 302 307 222 617 584 624 582 512 491 545 553 735 756 670 364 276 267 593 237 360 738 681 340 393 433 760 797 825 860 952 889 872 903 
26 159 186 202 210 217 384 302 307 222 364 584 624 582 512 491 545 553 735 756 670 617 276 267 593 237 360 738 681 340 393 433 760 797 825 860 952 889 872 903 
26 159 186 202 210 217 384 302 307 222 364 276 624 582 512 491 545 553 735 756 670 617 584 267 593 237 360 738 681 340 393 433 760 797 825 860 952 889 872 903 
26 159 186 202 210 217 384 302 307 222 364 276 267 582 512 491 545 553 735 756 670 617 584 624 593 237 360 738 681 340 393 433 760 797 825 860 952 889 872 903 
26 159 186 202 210 217 384 302 307 222 364 276 267 237 512 491 545 553 735 756 670 617 584 624 593 582 360 738 681 340 393 433 760 797 825 860 952 889 872 903 
26 159 186 202 210 217 384 302 307 222 364 276 267 237 360 491 545 553 735 756 670 617 584 624 593 582 512 738 681 340 393 433 760 797 825 860 952 889 872 903 
26 159 186 202 210 217 384 302 307 222 364 276 267 237 360 340 545 553 735 756 670 617 584 624 593 582 512 738 681 491 393 433 760 797 825 860 952 889 872 903 
26 159 186 202 210 217 384 302 307 222 364 276 267 237 360 340 393 553 735 756 670 617 584 624 593 582 512 738 681 491 545 433 760 797 825 860 952 889 872 903 
26 159 186 202 210 217 384 302 307 222 364 276 267 237 360 340 393 433 735 756 670 617 584 624 593 582 512 738 681 491 545 553 760 797 825 860 952 889 872 903 
26 159 186 202 210 217 384 302 307 222 364 276 267 237 360 340 393 433 735 756 670 617 584 624 593 582 512 738 681 491 545 553 760 797 825 860 952 889 872 903 
26 159 186 202 210 217 384 302 307 222 364 276 267 237 360 340 393 433 735 756 670 617 584 624 593 582 512 738 681 491 545 553 760 797 825 860 952 889 872 903 
26 159 186 202 210 217 384 302 307 222 364 276 267 237 360 340 393 433 735 756 670 617 584 624 593 582 512 738 681 491 545 553 760 797 825 860 952 889 872 903 
26 159 186 202 210 217 384 302 307 222 364 276 267 237 360 340 393 433 735 756 670 617 584 624 593 582 512 738 681 491 545 553 760 797 825 860 952 889 872 903 
26 159 186 202 210 217 384 302 307 222 364 276 267 237 360 340 393 433 735 756 670 617 584 624 593 582 512 738 681 491 545 553 760 797 825 860 952 889 872 903 
26 159 186 202 210 217 384 302 307 222 364 276 267 237 360 340 393 433 735 756 670 617 584 624 593 582 512 738 681 491 545 553 760 797 825 860 952 889 872 903 
26 159 186 202 210 217 384 302 307 222 364 276 267 237 360 340 393 433 735 756 670 617 584 624 593 582 512 738 681 491 545 553 760 797 825 860 952 889 872 903 
26 159 186 202 210 217 384 302 307 222 364 276 267 237 360 340 393 433 735 756 670 617 584 624 593 582 512 738 681 491 545 553 760 797 825 860 952 889 872 903 
26 159 186 202 210 217 384 302 307 222 364 276 267 237 360 340 393 433 735 756 670 617 584 624 593 582 512 738 681 491 545 553 760 797 825 860 952 889 872 903 
26 159 186 202 210 217 384 302 307 222 364 276 267 237 360 340 393 433 735 756 670 617 584 624 593 582 512 738 681 491 545 553 760 797 825 860 952 889 872 903 
26 159 186 202 210 217 384 302 307 222 364 276 267 237 360 340 393 433 735 756 670 617 584 624 593 582 512 738 681 491 545 553 760 797 825 860 952 889 872 903 
26 159 186 202 210 217 302 384 307 222 364 276 267 237 360 340 393 433 735 756 670 617 584 624 593 582 512 738 681 491 545 553 760 797 825 860 952 889 872 903 
26 159 186 202 210 217 302 307 384 222 364 276 267 237 360 340 393 433 735 756 670 617 584 624 593 582 512 738 681 491 545 553 760 797 825 860 952 889 872 903 
26 159 186 202 210 217 302 307 222 384 364 276 267 237 360 340 393 433 735 756 670 617 584 624 593 582 512 738 681 491 545 553 760 797 825 860 952 889 872 903 
26 159 186 202 210 217 302 307 222 276 364 384 267 237 360 340 393 433 735 756 670 617 584 624 593 582 512 738 681 491 545 553 760 797 825 860 952 889 872 903 
26 159 186 202 210 217 302 307 222 276 267 384 364 237 360 340 393 433 735 756 670 617 584 624 593 582 512 738 681 491 545 553 760 797 825 860 952 889 872 903 
26 159 186 202 210 217 302 307 222 276 267 237 364 384 360 340 393 433 735 756 670 617 584 624 593 582 512 738 681 491 545 553 760 797 825 860 952 889 872 903 
26 159 186 202 210 217 302 307 222 276 267 237 340 384 360 364 393 433 735 756 670 617 584 624 593 582 512 738 681 491 545 553 760 797 825 860 952 889 872 903 
26 159 186 202 210 217 222 307 302 276 267 237 340 384 360 364 393 433 735 756 670 617 584 624 593 582 512 738 681 491 545 553 760 797 825 860 952 889 872 903 
26 159 186 202 210 217 222 237 302 276 267 307 340 384 360 364 393 433 735 756 670 617 584 624 593 582 512 738 681 491 545 553 760 797 825 860 952 889 872 903 
26 159 186 202 210 217 222 237 302 276 267 307 340 384 360 364 393 433 735 756 670 617 584 624 593 582 512 738 681 491 545 553 760 797 825 860 952 889 872 903 
26 159 186 202 210 217 222 237 302 276 267 307 340 384 360 364 393 433 735 756 670 617 584 624 593 582 512 738 681 491 545 553 760 797 825 860 952 889 872 903 
26 159 186 202 210 217 222 237 302 276 267 307 340 384 360 364 393 433 735 756 670 617 584 624 593 582 512 738 681 491 545 553 760 797 825 860 952 889 872 903 
26 159 186 202 210 217 222 237 302 276 267 307 340 384 360 364 393 433 735 756 670 617 584 624 593 582 512 738 681 491 545 553 760 797 825 860 952 889 872 903 
26 159 186 202 210 217 222 237 267 276 302 307 340 384 360 364 393 433 735 756 670 617 584 624 593 582 512 738 681 491 545 553 760 797 825 860 952 889 872 903 
26 159 186 202 210 217 222 237 267 276 302 307 340 384 360 364 393 433 735 756 670 617 584 624 593 582 512 738 681 491 545 553 760 797 825 860 952 889 872 903 
26 159 186 202 210 217 222 237 267 276 302 307 340 384 360 364 393 433 735 756 670 617 584 624 593 582 512 738 681 491 545 553 760 797 825 860 952 889 872 903 
26 159 186 202 210 217 222 237 267 276 302 307 340 360 384 364 393 433 735 756 670 617 584 624 593 582 512 738 681 491 545 553 760 797 825 860 952 889 872 903 
26 159 186 202 210 217 222 237 267 276 302 307 340 360 364 384 393 433 735 756 670 617 584 624 593 582 512 738 681 491 545 553 760 797 825 860 952 889 872 903 
26 159 186 202 210 217 222 237 267 276 302 307 340 360 364 384 393 433 512 756 670 617 584 624 593 582 735 738 681 491 545 553 760 797 825 860 952 889 872 903 
26 159 186 202 210 217 222 237 267 276 302 307 340 360 364 384 393 433 512 491 670 617 584 624 593 582 735 738 681 756 545 553 760 797 825 860 952 889 872 903 
26 159 186 202 210 217 222 237 267 276 302 307 340 360 364 384 393 433 512 491 545 617 584 624 593 582 735 738 681 756 670 553 760 797 825 860 952 889 872 903 
26 159 186 202 210 217 222 237 267 276 302 307 340 360 364 384 393 433 512 491 545 553 584 624 593 582 735 738 681 756 670 617 760 797 825 860 952 889 872 903 
26 159 186 202 210 217 222 237 267 276 302 307 340 360 364 384 393 433 512 491 545 553 584 624 593 582 735 738 681 756 670 617 760 797 825 860 952 889 872 903 
26 159 186 202 210 217 222 237 267 276 302 307 340 360 364 384 393 433 512 491 545 553 584 624 593 582 735 738 681 756 670 617 760 797 825 860 952 889 872 903 
26 159 186 202 210 217 222 237 267 276 302 307 340 360 364 384 393 433 512 491 545 553 584 624 593 582 735 738 681 756 670 617 760 797 825 860 952 889 872 903 
26 159 186 202 210 217 222 237 267 276 302 307 340 360 364 384 393 433 491 512 545 553 584 624 593 582 735 738 681 756 670 617 760 797 825 860 952 889 872 903 
26 159 186 202 210 217 222 237 267 276 302 307 340 360 364 384 393 433 491 512 545 553 584 624 593 582 735 738 681 756 670 617 760 797 825 860 952 889 872 903 
26 159 186 202 210 217 222 237 267 276 302 307 340 360 364 384 393 433 491 512 545 553 584 593 624 582 735 738 681 756 670 617 760 797 825 860 952 889 872 903 
26 159 186 202 210 217 222 237 267 276 302 307 340 360 364 384 393 433 491 512 545 553 584 593 582 624 735 738 681 756 670 617 760 797 825 860 952 889 872 903 
26 159 186 202 210 217 222 237 267 276 302 307 340 360 364 384 393 433 491 512 545 553 584 593 582 617 735 738 681 756 670 624 760 797 825 860 952 889 872 903 
26 159 186 202 210 217 222 237 267 276 302 307 340 360 364 384 393 433 491 512 545 553 582 593 584 617 735 738 681 756 670 624 760 797 825 860 952 889 872 903 
26 159 186 202 210 217 222 237 267 276 302 307 340 360 364 384 393 433 491 512 545 553 582 584 593 617 735 738 681 756 670 624 760 797 825 860 952 889 872 903 
26 159 186 202 210 217 222 237 267 276 302 307 340 360 364 384 393 433 491 512 545 553 582 584 593 617 624 738 681 756 670 735 760 797 825 860 952 889 872 903 
26 159 186 202 210 217 222 237 267 276 302 307 340 360 364 384 393 433 491 512 545 553 582 584 593 617 624 681 738 756 670 735 760 797 825 860 952 889 872 903 
26 159 186 202 210 217 222 237 267 276 302 307 340 360 364 384 393 433 491 512 545 553 582 584 593 617 624 681 670 756 738 735 760 797 825 860 952 889 872 903 
26 159 186 202 210 217 222 237 267 276 302 307 340 360 364 384 393 433 491 512 545 553 582 584 593 617 624 681 670 735 738 756 760 797 825 860 952 889 872 903 
26 159 186 202 210 217 222 237 267 276 302 307 340 360 364 384 393 433 491 512 545 553 582 584 593 617 624 670 681 735 738 756 760 797 825 860 952 889 872 903 
26 159 186 202 210 217 222 237 267 276 302 307 340 360 364 384 393 433 491 512 545 553 582 584 593 617 624 670 681 735 738 756 760 797 825 860 952 889 872 903 
26 159 186 202 210 217 222 237 267 276 302 307 340 360 364 384 393 433 491 512 545 553 582 584 593 617 624 670 681 735 738 756 760 797 825 860 952 889 872 903 
26 159 186 202 210 217 222 237 267 276 302 307 340 360 364 384 393 433 491 512 545 553 582 584 593 617 624 670 681 735 738 756 760 797 825 860 952 889 872 903 
26 159 186 202 210 217 222 237 267 276 302 307 340 360 364 384 393 433 491 512 545 553 582 584 593 617 624 670 681 735 738 756 760 797 825 860 952 889 872 903 
26 159 186 202 210 217 222 237 267 276 302 307 340 360 364 384 393 433 491 512 545 553 582 584 593 617 624 670 681 735 738 756 760 797 825 860 889 952 872 903 
26 159 186 202 210 217 222 237 267 276 302 307 340 360 364 384 393 433 491 512 545 553 582 584 593 617 624 670 681 735 738 756 760 797 825 860 889 872 952 903 
26 159 186 202 210 217 222 237 267 276 302 307 340 360 364 384 393 433 491 512 545 553 582 584 593 617 624 670 681 735 738 756 760 797 825 860 889 872 903 952 
26 159 186 202 210 217 222 237 267 276 302 307 340 360 364 384 393 433 491 512 545 553 582 584 593 617 624 670 681 735 738 756 760 797 825 860 872 889 903 952 
